"p_val"	"avg_logFC"	"pct.1"	"pct.2"	"p_val_adj"	"cluster"	"gene"
"1"	0	-2.80229368494272	0.283	0.58	0	0	"Col1a1"
"2"	0	-2.92813984680138	0.339	0.617	0	0	"Col1a2"
"3"	0	-2.9361258375003	0.338	0.639	0	0	"Sparc"
"4"	0	-3.18286478818948	0.343	0.641	0	0	"Col3a1"
"5"	0	-3.41176376032013	0.177	0.562	0	0	"Dcn"
"6"	0	-2.81464148659434	0.145	0.602	0	1	"Spp1"
"7"	0	-3.23593795763864	0.286	0.623	0	1	"Cd74"
"8"	0	-3.26886073369994	0.214	0.558	0	1	"Cxcl2"
"9"	0	-3.39620603741436	0.616	0.839	0	1	"Apoe"
"10"	0	-3.59527388699156	0.358	0.775	0	1	"Lyz2"
"11"	2.54004115065592e-290	-2.75337884012205	0.453	0.622	4.73463670482263e-286	2	"Sparc"
"12"	1.56638621453738e-261	-3.16694437289801	0.333	0.54	2.91974390389768e-257	2	"Dcn"
"13"	3.98952958977017e-259	-2.7739053642697	0.433	0.602	7.4364831553316e-255	2	"Col1a2"
"14"	1.03292058668556e-232	-2.63470003661629	0.386	0.564	1.92536397358188e-228	2	"Col1a1"
"15"	1.07592663490471e-183	-2.89800698783523	0.524	0.618	2.00552724746238e-179	2	"Col3a1"
"16"	4.17223068028094e-112	-2.90613988791471	0.934	0.813	7.77703798804368e-108	3	"Apoe"
"17"	2.63232007566538e-09	-2.73777099774173	0.816	0.503	4.90664462104026e-05	3	"Dcn"
"18"	3.0974130080711e-07	-2.39196502662054	0.824	0.593	0.00577357784704453	3	"Sparc"
"19"	0.0015271197007102	-2.63098961327774	0.823	0.596	1	3	"Col3a1"
"20"	0.00952275525391151	-2.45064503506121	0.816	0.573	1	3	"Col1a2"
"21"	0	-3.0046731034782	0.078	0.585	0	4	"Col1a1"
"22"	0	-3.15806416637854	0.115	0.645	0	4	"Sparc"
"23"	0	-3.16250076891658	0.1	0.626	0	4	"Col1a2"
"24"	0	-3.38199276460923	0.134	0.646	0	4	"Col3a1"
"25"	0	-3.4778529891726	0.078	0.557	0	4	"Dcn"
"26"	0	-3.00240999700877	0.09	0.583	0	5	"Col1a1"
"27"	0	-3.13344404622634	0.134	0.642	0	5	"Sparc"
"28"	0	-3.16116081177069	0.11	0.623	0	5	"Col1a2"
"29"	0	-3.37769344509353	0.147	0.644	0	5	"Col3a1"
"30"	0	-3.45880234473103	0.104	0.554	0	5	"Dcn"
"31"	0	-2.52021295516196	0.056	0.5	0	6	"Il1b"
"32"	0	-2.96044670546531	0.154	0.627	0	6	"Cd74"
"33"	0	-3.06525225435789	0.775	0.825	0	6	"Apoe"
"34"	0	-3.31406791474174	0.327	0.771	0	6	"Lyz2"
"35"	3.93415446220305e-286	-2.57516669747872	0.242	0.55	7.33326391754648e-282	6	"Cxcl2"
"36"	0	-2.86639614180744	0.335	0.625	0	7	"Sparc"
"37"	4.70717567208987e-289	-3.28562689132903	0.237	0.541	8.77417545277553e-285	7	"Dcn"
"38"	1.82663318764868e-263	-2.84605117540322	0.345	0.604	3.40484426177714e-259	7	"Col1a2"
"39"	5.88884900772858e-258	-3.05293618834313	0.387	0.624	1.09768145504061e-253	7	"Col3a1"
"40"	4.23826917344256e-255	-2.73367392782498	0.295	0.565	7.90013373929694e-251	7	"Col1a1"
"41"	2.44608412204642e-184	-2.69285852421598	0.464	0.617	4.55950080349454e-180	8	"Sparc"
"42"	1.14213362687496e-176	-2.73509292784961	0.424	0.599	2.12893708049492e-172	8	"Col1a2"
"43"	4.98265890420027e-175	-3.1388072650101	0.342	0.534	9.2876761974293e-171	8	"Dcn"
"44"	2.0680313744816e-163	-2.60351353098039	0.38	0.56	3.85481048203371e-159	8	"Col1a1"
"45"	3.09801672274037e-154	-2.88389874348904	0.477	0.619	5.77470317118804e-150	8	"Col3a1"
"46"	0	-2.95387757666326	0.256	0.625	0	9	"Sparc"
"47"	0	-3.39712901312055	0.139	0.542	0	9	"Dcn"
"48"	3.77446214785388e-305	-3.18526621113576	0.286	0.626	7.03559744359963e-301	9	"Col3a1"
"49"	4.05492508882638e-295	-2.95629554371321	0.263	0.605	7.55838036557238e-291	9	"Col1a2"
"50"	5.92789590199823e-279	-2.8248938668572	0.219	0.566	1.10495979613247e-274	9	"Col1a1"
"51"	0	-2.76299701782247	0.045	0.721	0	10	"Ctss"
"52"	0	-2.91319575246836	0.024	0.589	0	10	"Spp1"
"53"	0	-3.47467625354394	0.06	0.62	0	10	"Cd74"
"54"	0	-3.48906587315397	0.043	0.551	0	10	"Cxcl2"
"55"	0	-3.93896759208724	0.106	0.769	0	10	"Lyz2"
"56"	0	-2.89694526023908	0.041	0.586	0	11	"Spp1"
"57"	0	-3.22012551044755	0.102	0.615	0	11	"Cd74"
"58"	0	-3.8700746644016	0.138	0.765	0	11	"Lyz2"
"59"	0	-4.27553742746461	0.222	0.844	0	11	"Apoe"
"60"	1.67843514961564e-290	-3.21466065151394	0.106	0.546	3.12860311888355e-286	11	"Cxcl2"
"61"	2.03120174596205e-185	-3.2518670308195	0.229	0.535	3.78616005447325e-181	12	"Dcn"
"62"	3.79608269222366e-172	-2.7681089677934	0.38	0.617	7.07589813830489e-168	12	"Sparc"
"63"	6.42176133831958e-156	-2.96132643588086	0.396	0.619	1.19701631346277e-151	12	"Col3a1"
"64"	2.68679590118294e-128	-2.74613524548717	0.414	0.596	5.008187559805e-124	12	"Col1a2"
"65"	7.03676532652315e-122	-2.60191902142049	0.357	0.558	1.31165305686392e-117	12	"Col1a1"
"66"	0	-2.82097922940877	0.066	0.583	0	13	"Spp1"
"67"	0	-3.62360706853567	0.273	0.758	0	13	"Lyz2"
"68"	3.41163654298446e-250	-3.04412408780785	0.242	0.609	6.35929051612303e-246	13	"Cd74"
"69"	7.59081217806155e-237	-3.01344019316146	0.142	0.544	1.41492738999067e-232	13	"Cxcl2"
"70"	4.03934214761592e-152	-3.12453719046397	0.805	0.822	7.52933376315608e-148	13	"Apoe"
"71"	0	-2.80690409920127	0.919	1	0	14	"Ftl1"
"72"	0	-3.19404711235995	0.714	0.999	0	14	"Tmsb4x"
"73"	0	-3.53517655333404	0.655	0.827	0	14	"Apoe"
"74"	1.61707758460872e-257	-3.09029514331821	0.632	0.746	3.01423261771065e-253	14	"Lyz2"
"75"	5.10139528401924e-105	-3.13496188418285	0.401	0.535	9.50900080941187e-101	14	"Cxcl2"
"76"	0	-2.97091465449756	0.425	0.753	0	15	"Lyz2"
"77"	3.46464669705235e-191	-2.92609092237486	0.287	0.607	6.45810144330559e-187	15	"Cd74"
"78"	1.19933402666206e-173	-3.05931199337299	0.224	0.541	2.23555862569809e-169	15	"Cxcl2"
"79"	2.11150220134988e-145	-2.99737602982487	0.243	0.534	3.93584010331619e-141	15	"Dcn"
"80"	1.46615795134443e-114	-2.72131266619354	0.809	0.822	2.73291842130601e-110	15	"Apoe"
"81"	2.89426890995922e-45	-2.30044983559055	0.959	0.519	5.39491724816398e-41	16	"Cxcl2"
"82"	1.30010424011727e-38	-1.90411798529903	0.963	0.587	2.42339430357859e-34	16	"Cd74"
"83"	2.26063714472068e-32	-1.86299036660899	0.943	0.459	4.21382763775934e-28	16	"Il1b"
"84"	6.04165740952516e-31	-2.05744545779412	0.12	0.266	1.12616494113549e-26	16	"Mylpf"
"85"	1.38796336647269e-11	-2.01375859496393	0.965	0.736	2.5871637151051e-07	16	"Lyz2"
"86"	1.68987767258222e-211	-3.19113108441412	0.373	0.749	3.14993198169325e-207	17	"Lyz2"
"87"	2.50425140615538e-111	-2.89937455277808	0.295	0.603	4.66792462107362e-107	17	"Cd74"
"88"	8.00640393252263e-111	-2.44469256197565	0.234	0.573	1.49239369302222e-106	17	"Spp1"
"89"	7.22518403794666e-110	-3.10811097326792	0.203	0.537	1.34677430467326e-105	17	"Cxcl2"
"90"	1.8827541422476e-43	-2.72609052004564	0.828	0.821	3.50945372114952e-39	17	"Apoe"
"91"	8.52035220198051e-16	-2.2295704048136	0.906	0.808	1.58819365044917e-11	18	"Gsn"
"92"	1.0076282764126e-06	-2.32070475449634	0.78	0.606	0.0187821910723308	18	"Sparc"
"93"	7.56066223217929e-05	-2.32112889224333	0.763	0.587	1	18	"Col1a2"
"94"	0.000105642030508818	-2.20181822131775	0.705	0.548	1	18	"Col1a1"
"95"	0.000939936849099275	-2.50370526946131	0.783	0.608	1	18	"Col3a1"
"96"	7.1956355106926e-247	-4.06541651117667	0.224	0.83	1.3412664591931e-242	19	"Apoe"
"97"	2.21934593415616e-243	-3.45570725466739	0.079	0.752	4.13686082126709e-239	19	"Lyz2"
"98"	1.30958523884619e-224	-2.63673884128248	0.045	0.703	2.44106688520929e-220	19	"Ctss"
"99"	2.88218205564436e-175	-3.42870273503257	0.029	0.605	5.37238735172108e-171	19	"Cd74"
"100"	1.61480520711016e-158	-2.63880980486566	0.027	0.571	3.00999690605334e-154	19	"C1qb"
"101"	2.8208369909115e-51	-2.46930023911117	0.784	0.742	5.25804015105903e-47	20	"Lyz2"
"102"	1.16970985776913e-28	-2.37278564362919	0.48	0.567	2.18033917488166e-24	20	"Spp1"
"103"	1.95039195411349e-16	-2.48900554081605	0.913	0.821	3.63553060246755e-12	20	"Apoe"
"104"	3.14651352516478e-13	-2.42401242523242	0.646	0.596	5.86510121090715e-09	20	"Cd74"
"105"	0.000301495925076496	-2.14492801568334	0.722	0.61	1	20	"Col3a1"
"106"	6.28425949686135e-76	-2.5557709605088	0.547	0.812	1.17138597021496e-71	21	"Gsn"
"107"	6.56138764880324e-30	-2.51979050077816	0.499	0.61	1.22304265773692e-25	21	"Sparc"
"108"	1.99862196503353e-18	-2.62910111516764	0.575	0.612	3.7254313428225e-14	21	"Col3a1"
"109"	1.92900489484559e-17	-2.74238245433979	0.451	0.525	3.59566512399217e-13	21	"Dcn"
"110"	2.56224089767873e-15	-2.46729475252831	0.491	0.531	4.77601703327315e-11	21	"Cxcl2"
"111"	1.05708636982699e-102	-3.02049435230983	0.331	0.813	1.9704089933575e-98	22	"Gsn"
"112"	4.38544214358959e-37	-3.25685559227059	0.246	0.526	8.174464155651e-33	22	"Dcn"
"113"	3.8996426118248e-36	-2.71275608066542	0.373	0.611	7.26893382844143e-32	22	"Sparc"
"114"	1.15324040931949e-34	-2.79633033980239	0.348	0.592	2.14964012297152e-30	22	"Col1a2"
"115"	4.49741563155204e-33	-2.99154220720122	0.384	0.613	8.38318273721301e-29	22	"Col3a1"
"116"	3.6489082857762e-62	-3.01435972609289	0.169	0.612	6.80156504468683e-58	23	"Sparc"
"117"	3.60341774567982e-55	-3.42085234185733	0.091	0.527	6.71677067794718e-51	23	"Dcn"
"118"	2.73056120433087e-53	-3.22589409849541	0.227	0.614	5.08976608487274e-49	23	"Col3a1"
"119"	1.94562109233857e-48	-2.86439188349031	0.172	0.553	3.6266377161191e-44	23	"Col1a1"
"120"	1.5454697529526e-45	-2.93077820441999	0.251	0.592	2.88075561950365e-41	23	"Col1a2"
"121"	4.33004725297862e-60	-3.65321611833827	0.637	0.823	8.07120807955215e-56	24	"Apoe"
"122"	3.74613839191675e-59	-3.29861175315914	0.529	0.743	6.98280196253282e-55	24	"Lyz2"
"123"	2.06490269046289e-42	-2.65240826274909	0.24	0.568	3.84897861502283e-38	24	"Spp1"
"124"	1.79921808498102e-27	-2.86107091564103	0.422	0.598	3.35374251040461e-23	24	"Cd74"
"125"	1.29397171976662e-26	-3.09190722813231	0.32	0.532	2.41196328564499e-22	24	"Cxcl2"
"126"	3.18851535225345e-36	-2.89569529291959	0.26	0.611	5.94339261660043e-32	25	"Sparc"
"127"	7.88338224730194e-36	-3.33932789753597	0.14	0.526	1.46946245089708e-31	25	"Dcn"
"128"	1.5352266122424e-35	-3.1651042471329	0.272	0.613	2.86166240521984e-31	25	"Col3a1"
"129"	1.55493260701705e-34	-2.95369584875783	0.252	0.592	2.89839437947979e-30	25	"Col1a2"
"130"	4.51628393058523e-16	-2.93752587692853	0.82	0.822	8.41835324661087e-12	25	"Apoe"
"131"	9.29947348480768e-19	-2.77760982812252	0.399	0.61	1.73342185756815e-14	26	"Sparc"
"132"	1.14025050657112e-15	-3.19003043880046	0.319	0.525	2.12542694424856e-11	26	"Dcn"
"133"	8.28913309375675e-15	-2.73365434915801	0.41	0.591	1.54509440867626e-10	26	"Col1a2"
"134"	1.68916053338233e-14	-2.96405521530334	0.447	0.612	3.14859523422466e-10	26	"Col3a1"
"135"	2.58363338624515e-12	-2.78783831858325	0.814	0.822	4.81589263196095e-08	26	"Apoe"
